
state={
	id=12
	name="STATE_12"

	resources = {
		oil = 15
	}

	history={
		owner = GOI
		add_core_of = GOI

	}
	
	impassable = yes

	provinces={
		47 64 209 433 464 559 604 734 849 2182 2349 2424 3057 3077 3081 3267 3341 3449 3596 3893 4101 4196 4339 4382 4494 4553 4554 4878 5022 5136 5160 5180 5494 5497 6002 6045 6142 6236 6316 10223 10270 10271 10296 10309 10310 10311 10334 10358 10372 10381 10394 10399 10407 10418 10432 10447 10457 10467 10471 10487 10494 10499 10508 10520 10522 10538 10543 
	}
	manpower=12524
	buildings_max_level_factor=1.000
	state_category=pastoral
	local_supplies=0.000
}
