
state={
	id=182
	name="STATE_182"

	impassable = yes

	resources = {
		oil = 20
	}

	history={
		owner = GOI
		add_core_of = GOI

	}

	provinces={
		46 80 309 385 532 537 593 1129 1218 1307 1320 1349 1510 1540 1964 2152 2171 2319 2445 2449 2599 2636 2867 2879 3006 3054 3178 3433 3463 3500 3858 3870 3957 4024 4164 4186 4195 4455 4488 4700 4880 4898 5138 5250 5254 5411 5478 5564 5574 5588 5725 5890 6005 6036 6118 6310 6322 6362 6390 6392 10220 10236 10247 10249 10251 10258 10259 10261 10268 10272 10273 10274 10279 10282 10292 10293 10299 10300 10312 10316 10321 10328 10329 10342 10347 10351 10364 10365 10369 10378 10382 10384 10390 10400 10403 10408 10412 10413 10415 10419 10426 10438 10439 10440 10441 10461 10463 10464 10468 10472 10473 10488 10495 10500 10501 10515 10547 10549 
	}
	manpower=6512
	buildings_max_level_factor=1.000
	state_category=pastoral
	local_supplies=0.000
}
