
state={
	id=192
	name="STATE_192"
	provinces={
		250 582 1184 1294 1368 1520 1545 1897 1909 2375 2506 2594 2791 2827 2914 2917 3034 3389 3392 3478 3949 3971 4022 4091 4135 4308 4416 4469 4761 4787 5153 5365 5426 5578 5617 5620 5945 5964 6010 6112 6215 6380 10672 10695 10715 10726 10750 10751 10756 10763 10783 10795 10808 10817 10824 10854 10878 10887 10927 10930 10948 10965 10971 10985 11020 11025 11037 11081 11086 11089 11114 11132 11151 
	}
	history={
		owner = GOI
		add_core_of = GOI
	}
	manpower=10000
	buildings_max_level_factor=1.000
	state_category=rural
	local_supplies=0.000
}
